171
81
0
5
169
112
135
136
129
146
145
144
143
148
149
150
25
161
160
152
142
147
137
138
139
140
141
6
9
10
76
74
75
11
12
18
19
20
32
158
36
37
170
73
77
1
2
3
4
7
8
14
151
13
21
22
26
27
28
29
23
24
15
159
16
17
51
52
53
43
55
54
58
62
63
64
56
57
61
66
65
88
89
90
91
94
96
114
164
130
132
133
134
131
127
126
125
124
122
123
162
101
100
102
103
104
113
115
116
117
118
119
120
121
128
111
110
109
107
106
105
97
165
163
99
98
95
92
154
153
87
70
69
85
86
93
166
108
83
84
60
49
38
39
40
34
35
157
33
31
30
41
42
155
156
45
44
46
47
48
59
68
67
167
71
50
168
72
78
82
79
80
81
