358
189
250
12
221
199
75
326
53
179
173
319
257
220
46
108
95
161
152
245
254
318
91
256
160
317
203
73
280
36
29
356
101
68
124
298
198
232
136
349
141
263
27
334
175
172
260
290
229
309
273
48
278
168
167
7
71
325
350
272
140
110
304
138
113
269
169
348
292
227
315
64
286
208
5
357
277
302
281
150
331
186
107
193
187
205
137
72
307
210
184
270
340
200
119
188
52
114
171
251
194
131
206
295
94
34
9
237
355
268
153
65
213
129
54
100
135
39
177
296
195
88
58
243
134
82
253
76
1
69
142
109
314
4
125
271
214
155
151
143
90
305
241
238
191
182
306
351
197
190
297
99
51
78
97
22
249
35
18
322
311
183
176
112
33
154
353
313
159
3
170
234
267
50
312
216
80
0
127
67
310
162
133
352
146
59
44
279
308
209
144
123
228
327
103
37
28
24
89
342
13
121
120
139
106
258
93
248
233
98
346
79
70
330
261
242
180
165
164
218
321
329
116
158
149
226
225
294
236
49
19
211
40
235
293
339
230
344
83
239
21
345
289
130
111
299
126
202
132
20
148
45
2
185
212
102
181
104
63
118
223
178
320
259
337
323
336
84
32
31
122
303
301
324
262
332
240
276
192
8
115
74
55
10
282
274
217
201
92
275
204
25
38
266
43
215
338
96
174
145
6
15
246
81
23
57
231
328
61
117
66
14
156
60
85
147
283
347
288
255
265
207
41
354
16
219
196
300
77
42
30
333
166
157
26
343
287
17
285
163
56
247
264
341
62
252
335
105
222
316
224
128
11
284
244
87
291
86
47
189
