358
147
233
19
115
189
344
291
154
22
357
251
228
308
50
254
318
190
297
197
227
339
192
26
112
103
4
44
40
10
27
16
17
13
3
164
218
321
260
55
66
14
166
35
18
329
64
36
29
337
91
37
28
24
187
205
137
45
25
12
48
11
15
284
6
81
246
7
145
23
185
209
49
98
97
208
63
5
34
9
231
104
114
20
232
135
39
239
69
305
180
47
141
52
171
53
59
125
170
237
355
84
32
31
93
198
72
307
181
328
61
90
21
88
58
243
77
42
248
219
196
118
116
86
165
263
144
123
333
89
276
204
230
191
182
207
76
106
210
320
259
265
226
92
275
342
285
70
311
214
117
249
347
83
119
267
75
212
124
99
122
303
200
126
202
236
87
288
127
67
223
234
244
102
241
206
105
129
54
57
334
130
111
101
222
316
224
134
82
245
136
85
268
138
38
139
271
253
140
110
304
142
109
96
286
107
193
153
65
168
51
131
183
173
352
290
175
172
310
156
30
1
157
113
269
158
149
258
159
121
282
274
161
152
319
257
162
133
315
79
163
2
100
252
335
317
167
56
326
213
169
348
292
220
46
143
229
309
273
177
150
195
178
176
312
216
179
356
299
186
346
95
68
322
235
199
151
349
331
266
43
215
338
277
336
60
108
270
281
324
262
332
272
194
73
327
33
340
301
296
238
330
261
242
279
250
71
314
203
74
343
313
217
201
80
0
298
278
325
211
300
240
295
94
283
350
306
351
323
302
280
221
188
41
354
132
148
225
294
341
62
155
78
353
287
128
293
120
264
345
289
174
8
247
255
184
146
256
160
147
